[34]
1
2
3
4
5
6
7
8
9
10
11
12
13
14
15
16
17
18
19
20
21
22
23
24
25
26
27
28
29
30
31
32
33
34
[undirected]
2 - 1 4
3 - 1 3
5 - 1 1
7 - 1 6
8 - 1 7
11 - 1 8
13 - 1 3
18 - 1 10
20 - 1 11
22 - 1 12
32 - 1 13
3 - 2 14
4 - 2 15
8 - 2 16
14 - 2 17
18 - 2 18
20 - 2 19
22 - 2 20
31 - 2 20
8 - 3 20
9 - 3 21
10 - 3 23
14 - 3 24
28 - 3 25
29 - 3 26
33 - 3 27
8 - 4 28
13 - 4 29
14 - 4 21
7 - 5 23
11 - 5 25
7 - 6 20
11 - 6 29
17 - 6 28
17 - 7 21
31 - 9 22
33 - 9 30
34 - 9 35
34 - 14 34
33 - 16 32
34 - 16 32
33 - 19 31
34 - 19 31
33 - 21 34
34 - 21 36
34 - 23 39
26 - 24 38
28 - 24 30
30 - 24 37
33 - 24 36
34 - 24 35
26 - 25 34
28 - 25 33
32 - 26 31
30 - 27 32
34 - 27 32
32 - 29 33
34 - 29 36
33 - 30 36
34 - 30 30
33 - 31 30
34 - 31 37
33 - 32 38
34 - 32 39